query_id	 spl_est	 spl_ci	 aqpp_est	 aqpp_ci	 real_value	 selectively	 time_spl	 time_aqpp	 time_direct	 error_spl	 error_aqpp
0	53005301606.663719	1491598501.622453	-1.000000	179375287.324005	53360750980.879997	0.026291	0.000000	0.002000	1.190000	0.027953	0.003362
1	16156411999.999729	565414971.574743	-1.000000	103673489.957448	15989749364.080000	0.017244	0.001000	0.003000	0.931000	0.035361	0.006484
2	53373249599.996101	1599157709.238259	-1.000000	178701011.652339	52859857674.959999	0.023214	0.000000	0.002000	1.004000	0.030253	0.003381
3	57204427360.008072	1486236559.640974	-1.000000	177903837.124959	56214324371.800003	0.035821	0.000000	0.002000	1.084000	0.026439	0.003165
4	35967834093.331741	1223090292.704360	-1.000000	292207356.735638	34911777907.519997	0.018116	0.001000	0.008000	1.009000	0.035034	0.008370
5	60957869279.995392	1706120754.487612	-1.000000	164091392.661964	61266029568.480003	0.026513	0.001000	0.003000	1.160000	0.027848	0.002678
6	68197747966.662750	1670191899.983771	-1.000000	192087703.767622	66945754192.919998	0.034349	0.001000	0.003000	1.307000	0.024948	0.002869
7	98442925439.993912	1990768377.201300	-1.000000	180780252.407961	100330078967.000000	0.049582	0.001000	0.002000	1.218000	0.019842	0.001802
8	11478392180.000175	695268789.285578	-1.000000	226594857.303337	10795179753.240000	0.005781	0.000000	0.003000	0.961000	0.064405	0.020990
9	16509954959.999540	896680624.078499	-1.000000	173366890.824600	16790164520.400000	0.007181	0.001000	0.002000	0.843000	0.053405	0.010326
10	73402167859.995712	1730396169.818885	-1.000000	208360645.116777	73007966132.020004	0.036970	0.001000	0.002000	0.964000	0.023701	0.002854
11	105316402560.003571	2220220541.480381	-1.000000	352849785.247487	105812224726.320007	0.045806	0.000000	0.002000	0.983000	0.020983	0.003335
12	13534843199.999819	812408182.159237	-1.000000	152215778.239207	14508879467.760000	0.005887	0.001000	0.003000	0.916000	0.055994	0.010491
13	31932203413.332035	1153625571.857892	-1.000000	314483975.213175	33315884447.220001	0.016083	0.001000	0.002000	0.966000	0.034627	0.009439
14	14984759819.999924	793690230.290241	-1.000000	227621871.204424	14969047323.500000	0.007547	0.001000	0.002000	0.929000	0.053022	0.015206
15	51239278059.997307	1454102865.110933	-1.000000	171506540.940091	51406128233.360001	0.025807	0.000000	0.002000	0.953000	0.028287	0.003336
16	20619205933.332851	929694573.115911	-1.000000	213942116.825576	21045813996.200001	0.010385	0.001000	0.002000	0.864000	0.044175	0.010166
17	98773714839.993896	1993935486.508934	-1.000000	192045730.304281	100575193912.399994	0.049749	0.000000	0.003000	1.002000	0.019825	0.001909
18	35537807873.331772	1215890843.761659	-1.000000	157311477.945221	35217261918.419998	0.017899	0.001000	0.003000	0.941000	0.034525	0.004467
19	61901723053.329872	1593839718.586580	-1.000000	167374640.578074	61753617612.639999	0.031178	0.001000	0.002000	1.039000	0.025810	0.002710
20	60644723333.329964	1578089540.712869	-1.000000	176865444.126471	60594498476.099998	0.030545	0.000000	0.003000	1.000000	0.026043	0.002919
21	51481856953.330627	1457449432.843469	-1.000000	205020434.843774	51260448581.599998	0.025930	0.000000	0.003000	1.005000	0.028432	0.004000
22	67249485019.996155	1658949674.659657	-1.000000	269928166.908172	68181285680.860001	0.033871	0.001000	0.002000	0.979000	0.024331	0.003959
23	13775442373.333118	552966016.297315	-1.000000	202159098.976018	13541272760.480000	0.013934	0.000000	0.003000	0.930000	0.040836	0.014929
24	33693248773.333229	1150546045.751284	-1.000000	358499749.044916	34048159546.320000	0.018105	0.000000	0.002000	0.852000	0.033792	0.010529
25	13496207520.000031	753522099.132264	-1.000000	256522729.583115	12661989732.139999	0.006798	0.001000	0.002000	0.873000	0.059511	0.020259
26	49342752166.664116	1427638090.637113	-1.000000	204974149.714088	48694482126.860001	0.024852	0.000000	0.003000	0.945000	0.029318	0.004209
27	51600788520.000328	1423020537.732131	-1.000000	252775741.478811	51649552137.199997	0.031078	0.001000	0.001000	0.950000	0.027551	0.004894
28	89511611639.994553	1902801636.821726	-1.000000	175541078.304817	90251223659.460007	0.045084	0.001000	0.002000	1.063000	0.021083	0.001945
29	5402408319.999929	326290047.217788	-1.000000	107473081.786165	5325598147.840000	0.005815	0.001000	0.002000	1.036000	0.061268	0.020180
30	57002217146.672211	1487281626.465904	-1.000000	242883040.322014	56599721868.000000	0.036087	0.000000	0.002000	0.985000	0.026277	0.004291
31	37229786766.665321	1238355453.607655	-1.000000	401987827.302059	36471873676.250000	0.026918	0.001000	0.002000	0.941000	0.033954	0.011022
32	20693287519.999828	919544233.576769	-1.000000	161426554.141441	20893339471.200001	0.011479	0.000000	0.002000	0.937000	0.044011	0.007726
33	91562505919.994415	1923435556.819983	-1.000000	160275521.094845	90570270035.759995	0.046117	0.001000	0.003000	1.026000	0.021237	0.001770
34	91849190066.661057	1926298549.927080	-1.000000	229662087.589643	90221551850.279999	0.046261	0.000000	0.004000	1.104000	0.021351	0.002546
35	82434397959.994965	1838011782.881688	-1.000000	147301592.440739	83013177043.399994	0.041196	0.001000	0.002000	1.206000	0.022141	0.001774
36	43498806099.997864	1342454464.218567	-1.000000	268946098.249540	43881727909.440002	0.021909	0.000000	0.003000	0.956000	0.030593	0.006129
37	53755475279.997040	1497682738.794032	-1.000000	208071753.480229	53828374657.639999	0.026790	0.000000	0.003000	0.959000	0.027823	0.003865
38	61615038906.663231	1590263170.303198	-1.000000	129660442.865554	61022209170.300003	0.031033	0.001000	0.003000	1.004000	0.026060	0.002125
39	46189226553.331009	1382388746.205415	-1.000000	198044824.799307	46452788520.940002	0.023264	0.001000	0.002000	1.005000	0.029759	0.004263
40	36033931093.332039	1194380766.223978	-1.000000	261830049.594974	35276655688.320000	0.025935	0.000000	0.002000	0.963000	0.033858	0.007422
41	15995669333.333059	558221627.445332	-1.000000	0.000000	15699537895.040001	0.017216	0.000000	0.002000	0.903000	0.035557	0.000000
42	54701540446.663727	1501081806.253499	-1.000000	83698648.054182	54327594056.279999	0.027551	0.001000	0.003000	0.972000	0.027630	0.001541
43	95002715679.994171	1957456010.437374	-1.000000	203883023.579510	95928429815.899994	0.047850	0.001000	0.003000	1.081000	0.020405	0.002125
44	12357944533.333130	491634030.026053	-1.000000	41696610.605145	12204473825.920000	0.013301	0.001000	0.002000	0.955000	0.040283	0.003417
45	74802509653.328949	1746184357.690068	-1.000000	136683444.349058	74469823727.440002	0.037675	0.001000	0.002000	1.020000	0.023448	0.001835
46	59497986746.663383	1563563769.323058	-1.000000	267206813.734373	59107798596.739998	0.029967	0.000000	0.003000	0.975000	0.026453	0.004521
47	19798879359.999683	1059353817.088937	-1.000000	0.000000	19680835017.599998	0.007397	0.000000	0.003000	1.105000	0.053827	0.000000
48	6914257066.666567	368830804.228316	-1.000000	66310020.350814	6743289160.960000	0.007442	0.001000	0.002000	0.992000	0.054696	0.009833
49	20795626946.666172	933621487.048541	-1.000000	178179951.992296	20651612268.220001	0.010474	0.000000	0.004000	0.976000	0.045208	0.008628
50	47236776666.672844	1330107385.540345	-1.000000	273343522.319825	46512857208.800003	0.031522	0.001000	0.002000	0.969000	0.028597	0.005877
51	62684591299.996483	1603560242.557320	-1.000000	165978015.530605	61785141842.459999	0.031572	0.001000	0.002000	1.057000	0.025954	0.002686
52	74934295213.328140	1817590267.801643	-1.000000	132377513.588134	75751814930.559998	0.035182	0.000000	0.003000	1.152000	0.023994	0.001748
53	51592120086.663948	1458967777.908839	-1.000000	74864411.682363	51947299691.760002	0.025985	0.000000	0.003000	0.966000	0.028086	0.001441
54	43968473066.665031	1295678722.463890	-1.000000	163616476.356092	43961087578.239998	0.029523	0.001000	0.003000	1.088000	0.029473	0.003722
55	26782915086.665737	1057915503.823753	-1.000000	229734043.146454	27203094808.860001	0.013490	0.001000	0.002000	0.960000	0.038890	0.008445
56	78204684106.660461	1921165665.862015	-1.000000	96045996.053128	78576561788.020004	0.034166	0.000000	0.002000	1.058000	0.024450	0.001222
57	20085196559.999207	988240187.669555	-1.000000	394641379.392413	20250628096.320000	0.008736	0.001000	0.001000	0.854000	0.048800	0.019488
58	72746768723.332993	1811330317.455550	-1.000000	189324083.559322	73799730698.110001	0.044451	0.001000	0.002000	1.228000	0.024544	0.002565
59	10353376000.000000	617936756.175887	-1.000000	0.000000	10554996408.000000	0.005953	0.001000	0.003000	1.174000	0.058544	0.000000
60	12547944573.333431	726742923.841039	-1.000000	255707617.269330	12715875325.400000	0.006320	0.000000	0.002000	0.945000	0.057152	0.020109
61	35299783353.333313	1406844135.539273	-1.000000	86741632.908680	35014413163.580002	0.015222	0.000000	0.001000	0.892000	0.040179	0.002477
62	96954373139.994019	1976438966.016657	-1.000000	263801775.437357	97129658443.059998	0.048833	0.001000	0.002000	1.069000	0.020348	0.002716
63	60728032319.995415	1702988749.037891	-1.000000	125124768.963747	61036422445.440002	0.026413	0.006000	0.005000	1.226000	0.027901	0.002050
64	40587859379.998077	1297729644.387084	-1.000000	179484818.495013	40443006701.739998	0.020443	0.001000	0.004000	0.931000	0.032088	0.004438
65	61050409666.675812	1506587676.751171	-1.000000	207065329.784536	60875068431.239998	0.038803	0.000000	0.002000	1.032000	0.024749	0.003401
66	72366897019.997040	1907215445.077201	-1.000000	409295702.567180	72886274837.279999	0.040835	0.000000	0.003000	1.158000	0.026167	0.005616
67	18952288213.333004	606641370.104513	-1.000000	254106680.042643	19065965823.360001	0.020398	0.000000	0.002000	0.909000	0.031818	0.013328
68	86457003119.993011	2020258325.674501	-1.000000	0.000000	87287404056.479996	0.037603	0.000000	0.003000	1.185000	0.023145	0.000000
69	45560726693.331055	1373173869.582418	-1.000000	141699646.542006	45649764173.500000	0.022947	0.001000	0.004000	0.943000	0.030081	0.003104
70	16560485893.333208	756870344.015927	-1.000000	243938353.869097	16166522499.040001	0.012329	0.000000	0.001000	0.835000	0.046817	0.015089
71	112664753653.333588	2356722069.540445	-1.000000	128821855.351624	111796181689.479996	0.047644	0.001000	0.002000	1.030000	0.021081	0.001152
72	15675755946.666399	552708013.667308	-1.000000	0.000000	15663160647.040001	0.016872	0.001000	0.003000	1.044000	0.035287	0.000000
73	66323274699.996223	1647883617.698709	-1.000000	146558103.426816	65001043310.320000	0.033405	0.001000	0.002000	0.934000	0.025352	0.002255
74	59586197253.330040	1564686560.512881	-1.000000	148149503.634755	58583166608.339996	0.030012	0.001000	0.002000	0.950000	0.026709	0.002529
75	50632830826.664017	1445698754.897670	-1.000000	242535850.213590	51001043534.120003	0.025502	0.001000	0.002000	0.895000	0.028346	0.004756
76	76737879433.333542	2301040824.887855	-1.000000	214141265.863788	77720042563.679993	0.026574	0.000000	0.002000	0.918000	0.029607	0.002755
77	96634610053.327377	1973344093.698436	-1.000000	148148172.992684	96891390838.240005	0.048672	0.001000	0.003000	1.341000	0.020367	0.001529
78	70139606586.664154	2118985219.346222	-1.000000	524146639.883421	69610739287.600006	0.024941	0.001000	0.001000	0.998000	0.030440	0.007530
79	61156988346.662514	1657347248.221495	-1.000000	163881186.528440	60998324831.000000	0.028379	0.001000	0.002000	1.081000	0.027170	0.002687
80	19527600913.332928	905001671.051001	-1.000000	94202543.751133	20095753760.459999	0.009835	0.001000	0.003000	1.020000	0.045034	0.004688
81	18998337873.332966	892773296.462161	-1.000000	154315651.644201	18987476954.700001	0.009569	0.000000	0.003000	0.937000	0.047019	0.008127
82	68682905753.329384	1675910147.644715	-1.000000	168763196.783394	68429245415.099998	0.034593	0.001000	0.003000	0.980000	0.024491	0.002466
83	51845725293.330597	1462453316.145340	-1.000000	217176857.989743	53131922691.040001	0.026113	0.001000	0.003000	0.938000	0.027525	0.004088
84	81693955486.661774	1821555178.971139	-1.000000	185871585.094530	80172434509.800003	0.041146	0.001000	0.003000	1.013000	0.022720	0.002318
85	17432601379.999748	855534086.902087	-1.000000	103639950.064418	17584532951.419998	0.008780	0.001000	0.002000	1.356000	0.048653	0.005894
86	64481880373.329689	1625626069.494660	-1.000000	203876255.215867	63658402214.660004	0.032477	0.000000	0.003000	1.119000	0.025537	0.003203
87	93403900246.660950	1941735535.602036	-1.000000	222439272.391500	95330395659.639999	0.047044	0.001000	0.004000	1.481000	0.020368	0.002333
88	105656442273.337616	2182709386.354227	-1.000000	155589487.272036	106936503139.380005	0.047805	0.001000	0.002000	1.127000	0.020411	0.001455
89	47115436873.330940	1395846683.311285	-1.000000	164562335.258343	48141369171.120003	0.023730	0.001000	0.003000	1.034000	0.028995	0.003418
90	27667830719.999641	1089488174.553706	-1.000000	382913380.863843	27745498044.720001	0.014139	0.000000	0.001000	0.954000	0.039267	0.013801
91	18592471946.666401	641537401.712691	-1.000000	0.000000	18672226443.040001	0.018549	0.001000	0.002000	1.147000	0.034358	0.000000
92	50780260133.332161	1713526101.565185	-1.000000	133722285.781162	51456155353.839996	0.019032	0.000000	0.003000	0.869000	0.033301	0.002599
93	90691501359.993500	2054814637.504289	-1.000000	185394830.400669	89438754656.639999	0.040513	0.001000	0.001000	0.927000	0.022975	0.002073
94	14653970419.999947	784946842.870695	-1.000000	144956730.041989	14693698226.940001	0.007381	0.001000	0.002000	0.887000	0.053421	0.009865
95	26309759676.666405	1252620394.031495	-1.000000	147247043.446483	26340820829.950001	0.009663	0.000000	0.003000	0.933000	0.047554	0.005590
96	14918601939.999928	791949511.060130	-1.000000	134961460.053743	14975530795.740000	0.007514	0.000000	0.002000	0.935000	0.052883	0.009012
97	34447457946.671844	824336298.493045	-1.000000	333136926.020101	33392967966.959999	0.036593	0.000000	0.002000	0.922000	0.024686	0.009976
98	35449597366.665115	1214408356.700876	-1.000000	77918825.793621	35720425674.760002	0.017855	0.000000	0.003000	0.899000	0.033998	0.002181
99	78573508813.328674	1787891169.164707	-1.000000	210587994.473951	80353773258.880005	0.039575	0.000000	0.003000	1.073000	0.022250	0.002621
100	4747101866.666609	305969682.404666	-1.000000	26756997.215986	4775016889.600000	0.005109	0.001000	0.001000	0.893000	0.064077	0.005604
101	14236518533.333097	572941384.615957	-1.000000	211225655.084655	14019765259.680000	0.014217	0.001000	0.001000	0.832000	0.040867	0.015066
102	47474100959.996651	1510175733.716441	-1.000000	204814180.901191	46959483237.839996	0.020648	0.001000	0.003000	0.930000	0.032159	0.004362
103	39570379826.670044	1302404772.159614	-1.000000	192683482.094538	39227009276.400002	0.019637	0.000000	0.001000	0.844000	0.033202	0.004912
104	39242649153.331505	1276484232.036254	-1.000000	244498562.990849	39277767961.300003	0.019765	0.000000	0.003000	0.922000	0.032499	0.006225
105	67944142759.996101	1667193811.627971	-1.000000	57177739.170821	68076326204.239998	0.034221	0.000000	0.002000	1.055000	0.024490	0.000840
106	45240963606.664406	1368459419.906729	-1.000000	330593263.601982	44752001741.900002	0.022786	0.000000	0.002000	0.866000	0.030579	0.007387
107	83160455159.995010	1837123955.829901	-1.000000	138365838.720917	83399318185.740005	0.041885	0.001000	0.003000	1.035000	0.022028	0.001659
108	68410999326.662354	1708751420.711557	-1.000000	186708357.385323	68471344147.779999	0.033205	0.000000	0.003000	0.969000	0.024956	0.002727
109	84913638979.994888	1855532383.103875	-1.000000	165982891.304477	85003382144.220001	0.042768	0.000000	0.003000	1.027000	0.021829	0.001953
110	23012210579.999287	990622034.131418	-1.000000	243319696.659292	23671487171.480000	0.011407	0.000000	0.002000	0.847000	0.041849	0.010279
111	77606800539.997147	2128092670.596455	-1.000000	433333190.777699	78619562048.380005	0.032250	0.001000	0.001000	0.925000	0.027068	0.005512
112	16629895719.999538	873184530.588375	-1.000000	147877930.301293	16194925754.840000	0.007719	0.000000	0.002000	0.819000	0.053917	0.009131
113	29980545953.332176	1118373923.564797	-1.000000	285755292.239075	29083434074.220001	0.015100	0.000000	0.003000	0.895000	0.038454	0.009825
114	24756914879.999477	997591688.602420	-1.000000	357729105.078878	24666560814.720001	0.019749	0.001000	0.003000	0.975000	0.040443	0.014503
115	10887374933.333157	461826078.739683	-1.000000	273910390.685030	10585516013.440001	0.011718	0.000000	0.001000	0.848000	0.043628	0.025876
116	81455830706.666611	1922330997.131254	-1.000000	173381566.727070	80610836405.759995	0.037109	0.001000	0.002000	0.970000	0.023847	0.002151
117	53549697746.668686	1572279852.643196	-1.000000	141559764.170901	53920861745.400002	0.024208	0.000000	0.002000	0.867000	0.029159	0.002625
118	19983046799.999218	985746066.789358	-1.000000	371820126.530073	19938777647.759998	0.008691	0.000000	0.002000	0.803000	0.049439	0.018648
119	24195903146.666607	887405904.021359	-1.000000	120790359.088381	24504472553.599998	0.020037	0.001000	0.002000	1.081000	0.036214	0.004929
120	40190912099.998108	1291499964.492897	-1.000000	282473780.010895	40355413668.620003	0.020243	0.001000	0.002000	0.868000	0.032003	0.007000
121	25486365119.998703	1111893514.689244	-1.000000	137073584.987312	25487731373.040001	0.011085	0.000000	0.002000	0.843000	0.043625	0.005378
122	111879524640.008072	2284929629.740057	-1.000000	311576304.013722	112016979910.800003	0.048660	0.000000	0.002000	0.980000	0.020398	0.002782
123	68010300639.996101	1667976520.476955	-1.000000	172861864.799639	67518284486.440002	0.034254	0.001000	0.002000	0.923000	0.024704	0.002560
124	32516598019.998657	1163959883.120336	-1.000000	148142149.936985	32791914037.619999	0.016378	0.000000	0.003000	0.870000	0.035495	0.004518
125	35216528879.998756	1170418893.172111	-1.000000	0.000000	35253544518.720001	0.025763	0.001000	0.002000	1.106000	0.033200	0.000000
126	57324054893.342178	1466532330.702120	-1.000000	240442803.786584	57364813583.080002	0.036365	0.000000	0.002000	1.037000	0.025565	0.004191
127	67784108179.997208	1801020476.142619	-1.000000	716267182.811138	68277026924.489998	0.038864	0.001000	0.002000	1.181000	0.026378	0.010491
128	98950135853.327209	1995622077.962665	-1.000000	184646834.751873	98863656477.860001	0.049838	0.001000	0.002000	1.127000	0.020186	0.001868
129	24864336566.665878	1019818995.627614	-1.000000	178179951.992296	24309911479.639999	0.012523	0.000000	0.002000	0.865000	0.041951	0.007330
130	85314028566.659790	2004747494.426121	-1.000000	219289082.368037	85431844972.960007	0.037215	0.001000	0.001000	1.086000	0.023466	0.002567
131	48758357559.997490	1419372903.850407	-1.000000	124140255.646790	49193279463.120003	0.024558	0.000000	0.003000	1.001000	0.028853	0.002524
132	18452686093.332680	933520176.504825	-1.000000	113139282.969820	19307207774.980000	0.008297	0.000000	0.002000	0.937000	0.048351	0.005860
133	31843992906.665375	1152057074.050543	-1.000000	277478476.262165	31699912070.340000	0.016039	0.001000	0.002000	0.980000	0.036343	0.008753
134	52871172433.330528	1476453638.373644	-1.000000	202732898.135953	52269389330.540001	0.026629	0.000000	0.003000	0.914000	0.028247	0.003879
135	39742965273.339470	1138040176.334050	-1.000000	183946554.333272	39658385662.559998	0.029195	0.000000	0.002000	1.046000	0.028696	0.004638
136	95585153999.993103	2416372555.471988	-1.000000	294826603.378159	95322581731.960007	0.034088	0.000000	0.001000	0.858000	0.025349	0.003093
137	16731874396.666710	990606259.518706	-1.000000	476733217.438082	16413763785.610001	0.006442	0.000000	0.003000	1.043000	0.060352	0.029045
138	43134937759.997894	1336953081.317492	-1.000000	213885441.260826	43215881926.180000	0.021726	0.000000	0.003000	0.912000	0.030937	0.004949
139	41348674999.998024	1309579859.370070	-1.000000	239602074.991905	41643011408.120003	0.020826	0.001000	0.002000	0.868000	0.031448	0.005754
140	79213034986.661957	1794851378.767390	-1.000000	256522729.583115	77887275176.720001	0.039897	0.001000	0.003000	0.949000	0.023044	0.003294
141	76599798726.662140	1766206433.599463	-1.000000	86442455.755967	77699452955.399994	0.038581	0.001000	0.002000	0.983000	0.022731	0.001113
142	70557379019.995911	1697794645.794210	-1.000000	207262004.642603	73342261899.660004	0.035537	0.001000	0.004000	0.961000	0.023149	0.002826
143	80234892693.331543	1770564156.343319	-1.000000	207225063.483326	80250292775.960007	0.043623	0.001000	0.002000	0.991000	0.022063	0.002582
144	48148209240.002495	1447950230.182922	-1.000000	70784599.748310	48436630944.360001	0.023297	0.000000	0.002000	0.896000	0.029894	0.001461
145	68721251039.994659	1808364250.029881	-1.000000	428039270.798029	69276958503.119995	0.029889	0.000000	0.002000	0.858000	0.026103	0.006179
146	11632760566.666832	699901005.248137	-1.000000	189632415.578521	11705181392.639999	0.005859	0.000000	0.002000	0.841000	0.059794	0.016201
147	83478276433.327576	1903012564.422074	-1.000000	173051546.655743	84060640549.520004	0.039641	0.001000	0.002000	0.935000	0.022639	0.002059
148	67916821679.994743	1798073176.946514	-1.000000	162191496.206326	67378122151.919998	0.029539	0.001000	0.001000	0.960000	0.026686	0.002407
149	78028096079.996506	1885480458.518217	-1.000000	114623908.248258	77040744172.639999	0.037065	0.001000	0.002000	0.970000	0.024474	0.001488
150	41536646159.997208	1414446938.769622	-1.000000	50052826.445891	41066923257.360001	0.018066	0.001000	0.001000	0.860000	0.034442	0.001219
151	60523433886.663307	1576560331.785130	-1.000000	161701061.566921	60907623722.139999	0.030484	0.001000	0.002000	0.948000	0.025884	0.002655
152	53885593259.997116	1490159191.801921	-1.000000	134949620.484482	54281713566.500000	0.027140	0.001000	0.002000	0.932000	0.027452	0.002486
153	23408863206.665981	989887784.038580	-1.000000	149709419.570469	23096145934.220001	0.011790	0.000000	0.003000	0.851000	0.042859	0.006482
154	97351320419.993988	1980272614.978288	-1.000000	163137979.461040	99327787085.000000	0.049033	0.000000	0.003000	1.014000	0.019937	0.001642
155	79918719039.995239	1802494801.778551	-1.000000	195656561.620317	81937162879.860001	0.040252	0.001000	0.002000	1.054000	0.021999	0.002388
156	53918672199.997116	1490603742.422137	-1.000000	179494067.328760	54510652910.239998	0.027157	0.001000	0.002000	0.899000	0.027345	0.003293
157	108332896306.663589	2229299096.602812	-1.000000	0.000000	107061416322.000000	0.048038	0.001000	0.002000	1.022000	0.020823	0.000000
158	22218021366.666069	964673278.882473	-1.000000	330592510.378872	22435592581.360001	0.011190	0.000000	0.002000	0.880000	0.042997	0.014735
159	18921153679.999638	890975409.213075	-1.000000	193256850.438677	19195510408.360001	0.009530	0.000000	0.003000	0.861000	0.046416	0.010068
160	26154415226.665783	1045596773.319417	-1.000000	184611937.062328	25286864893.599998	0.013173	0.001000	0.002000	0.886000	0.041349	0.007301
161	77495171466.663879	2160115379.964346	-1.000000	80232534.011505	78238987006.639999	0.028440	0.000000	0.001000	0.853000	0.027609	0.001025
162	62932348306.667801	1564896754.939831	-1.000000	122717128.473310	62765087278.160004	0.038969	0.000000	0.003000	1.065000	0.024933	0.001955
163	9963754026.666508	442024840.809070	-1.000000	73615760.931852	9623624177.920000	0.010724	0.001000	0.003000	0.955000	0.045931	0.007649
164	40665043573.331406	1298937200.940975	-1.000000	124137664.694056	40931880356.000000	0.020482	0.000000	0.003000	1.048000	0.031734	0.003033
165	26723597786.666389	833802705.770588	-1.000000	0.000000	26277945856.320000	0.023519	0.000000	0.002000	0.927000	0.031730	0.000000
166	27015447333.333061	842826822.148995	-1.000000	0.000000	26292606139.040001	0.023553	0.000000	0.003000	1.005000	0.032056	0.000000
167	24544573479.999233	1013322805.878294	-1.000000	154331383.850866	24372827623.520000	0.012362	0.000000	0.003000	0.848000	0.041576	0.006332
168	98101109726.660614	1987489161.621867	-1.000000	234684850.927018	97842178810.660004	0.049410	0.000000	0.003000	0.944000	0.020313	0.002399
169	65419117006.662956	1636998100.383058	-1.000000	168763196.783394	65344138076.000000	0.032949	0.000000	0.003000	0.950000	0.025052	0.002583
170	64106985719.996384	1621051682.687300	-1.000000	172892563.061257	65352176258.419998	0.032289	0.000000	0.003000	0.949000	0.024805	0.002646
171	33276079839.997978	1259564661.225678	-1.000000	108256650.206756	32704103452.720001	0.014700	0.001000	0.001000	0.853000	0.038514	0.003310
172	85815437573.329178	2002151334.476697	-1.000000	129347983.023450	84784779137.960007	0.037753	0.000000	0.002000	1.060000	0.023615	0.001526
173	19428364093.332935	902721972.826869	-1.000000	155820773.042937	19520676388.560001	0.009785	0.001000	0.002000	0.834000	0.046244	0.007982
174	46950583439.996696	1502000544.316601	-1.000000	213793775.941459	46585423585.440002	0.020421	0.000000	0.002000	0.884000	0.032242	0.004589
175	67150248199.996162	1657768087.053208	-1.000000	134949620.484482	68698673381.400002	0.033821	0.000000	0.003000	0.972000	0.024131	0.001964
176	32329150693.332005	1160655811.669241	-1.000000	329672858.976761	32714112370.740002	0.016283	0.001000	0.002000	0.897000	0.035479	0.010077
177	36243491926.665054	1227681427.896434	-1.000000	116377865.494176	35935934968.860001	0.018255	0.001000	0.002000	0.874000	0.034163	0.003238
178	62094285359.995285	1721513423.034651	-1.000000	230729981.045898	62820723378.239998	0.027007	0.000000	0.002000	0.904000	0.027404	0.003673
179	52176514693.330574	1466985818.880613	-1.000000	164587300.610838	51077654359.160004	0.026280	0.001000	0.003000	0.917000	0.028721	0.003222
180	74515825506.662292	1742965726.437542	-1.000000	268168885.459169	76227473204.339996	0.037531	0.001000	0.002000	0.987000	0.022865	0.003518
181	82884797326.661697	1834209488.502521	-1.000000	245410578.454658	83668283046.880005	0.041746	0.001000	0.002000	1.014000	0.021922	0.002933
182	27565783333.332348	1073051135.582574	-1.000000	305464029.065721	26443205399.180000	0.013884	0.001000	0.002000	0.852000	0.040579	0.011552
183	75739746286.662216	1756658686.104927	-1.000000	193256850.438677	74478622725.479996	0.038148	0.001000	0.002000	0.995000	0.023586	0.002595
184	70325826439.995926	1695108955.835884	-1.000000	170140405.785190	70819496540.559998	0.035421	0.000000	0.004000	0.952000	0.023936	0.002402
185	24704762866.667141	1299763883.294417	-1.000000	203591007.116492	24330834288.759998	0.008963	0.000000	0.001000	0.791000	0.053420	0.008368
186	22347628506.666107	953775242.033677	-1.000000	224607590.854523	21917724193.520000	0.013579	0.000000	0.002000	0.832000	0.043516	0.010248
187	13165418120.000053	744292891.353499	-1.000000	232688789.816640	13835961312.740000	0.006631	0.000000	0.003000	0.850000	0.053794	0.016818
188	85950112433.328140	1866313426.055652	-1.000000	313742263.220251	85191204365.539993	0.043290	0.000000	0.003000	0.992000	0.021907	0.003683
189	81972466253.329590	2160180886.731530	-1.000000	182243951.039219	81985967473.399994	0.032488	0.000000	0.001000	0.877000	0.026348	0.002223
190	34743913313.331833	1202477695.172386	-1.000000	164586827.817374	34628622181.120003	0.017499	0.001000	0.002000	0.851000	0.034725	0.004753
191	19395285153.332939	901960741.229195	-1.000000	74864688.860949	19655373832.240002	0.009769	0.000000	0.003000	0.858000	0.045889	0.003809
192	75497167393.328888	1753954708.019423	-1.000000	220332020.025812	76079279553.139999	0.038025	0.000000	0.003000	0.950000	0.023054	0.002896
193	72034905006.662476	1714817149.193013	-1.000000	141710848.950289	71118265526.639999	0.036282	0.001000	0.002000	0.965000	0.024112	0.001993
194	20710863839.999149	1003376567.093543	-1.000000	164108604.507041	20143677297.599998	0.009008	0.000000	0.002000	0.837000	0.049811	0.008147
195	67861048506.661789	1756821985.259889	-1.000000	225682594.607711	67243532544.320000	0.030995	0.001000	0.002000	0.979000	0.026126	0.003356
196	92003558453.327713	1927838023.779167	-1.000000	146558103.426816	92366654951.399994	0.046339	0.001000	0.004000	0.990000	0.020872	0.001587
197	31188911839.999268	1408762317.544578	-1.000000	379212900.540198	31958669207.570000	0.010785	0.001000	0.001000	0.911000	0.044081	0.011866
198	17981811146.666523	1001060809.588066	-1.000000	220714523.704525	17759214140.000000	0.006903	0.000000	0.001000	0.894000	0.056369	0.012428
199	28426866773.333092	1292029502.475537	-1.000000	433177870.037819	28357813175.220001	0.010441	0.001000	0.003000	1.026000	0.045562	0.015275
200	97948283639.996872	2118289970.936746	-1.000000	130032752.024608	97867285595.779999	0.043712	0.000000	0.002000	1.066000	0.021645	0.001329
201	83557402439.994980	1841311137.790290	-1.000000	274097512.997245	82997243670.039993	0.042085	0.000000	0.003000	1.180000	0.022185	0.003302
202	28946013253.332825	909988263.232963	-1.000000	213256522.975652	28667838565.840000	0.024136	0.005000	0.015000	1.106000	0.031742	0.007439
203	44224764013.335716	1212939262.472681	-1.000000	129758409.800139	44424763938.040001	0.031433	0.001000	0.003000	1.160000	0.027303	0.002921
204	88446011773.326416	2016297126.549969	-1.000000	232893503.363193	88520274740.720001	0.039558	0.000000	0.002000	1.043000	0.022778	0.002631
205	39606517493.331482	1282268643.130888	-1.000000	165974452.374501	40087672728.260002	0.019948	0.000000	0.002000	1.042000	0.031987	0.004140
206	29824183466.669712	756442684.394934	-1.000000	181315974.820050	29265759170.560001	0.032100	0.001000	0.001000	0.853000	0.025847	0.006195
207	74207088733.328979	1739491720.546572	-1.000000	324888025.657938	74906101867.100006	0.037376	0.000000	0.002000	0.915000	0.023222	0.004337
208	83200979519.993317	1983308771.476467	-1.000000	61301602.034450	82272514813.919998	0.036187	0.001000	0.002000	1.013000	0.024107	0.000745
209	67591300733.329460	1663012194.472746	-1.000000	182102296.383800	68613627426.660004	0.034043	0.000000	0.003000	0.963000	0.024237	0.002654
210	19957627133.332897	914812065.156406	-1.000000	176896708.644382	19930689849.860001	0.010052	0.000000	0.004000	0.860000	0.045900	0.008876
211	66918695619.996178	1655007274.984867	-1.000000	178212557.829392	68086117570.480003	0.033705	0.001000	0.002000	0.957000	0.024308	0.002617
212	91397111219.994431	1921781474.842929	-1.000000	152815242.794029	91420068004.360001	0.046034	0.001000	0.003000	0.977000	0.021021	0.001672
213	53221248279.998489	1545984642.632428	-1.000000	209267758.927446	54104931995.559998	0.026646	0.001000	0.001000	0.888000	0.028574	0.003868
214	60137512919.996666	1571683439.787827	-1.000000	345783685.859748	59363928829.160004	0.030289	0.000000	0.003000	0.909000	0.026475	0.005825
215	76608213539.999908	1946601543.659880	-1.000000	25921268.499956	76429104494.919998	0.040991	0.000000	0.002000	0.922000	0.025469	0.000339
216	17614290026.666382	624532078.267380	-1.000000	139401099.000795	17667570269.080002	0.017805	0.001000	0.001000	0.863000	0.035349	0.007890
217	29574183613.334644	1136793255.981364	-1.000000	333903805.763952	29039275135.080002	0.014234	0.000000	0.001000	0.810000	0.039147	0.011498
218	27196235440.001968	860757830.949277	-1.000000	201299225.558099	26523542930.880001	0.024497	0.000000	0.002000	0.855000	0.032453	0.007589
219	28487279920.000343	1437009370.104881	-1.000000	188861317.300062	29562483963.040001	0.009058	0.000000	0.002000	0.785000	0.048609	0.006389
220	36591514853.335724	1092578116.529888	-1.000000	84651400.968897	36389804211.040001	0.027229	0.000000	0.002000	0.898000	0.030024	0.002326
221	95423778159.998352	1993188477.825626	-1.000000	181492255.473848	95847490758.399994	0.046778	0.000000	0.002000	0.981000	0.020795	0.001894
222	17895706539.999714	866721437.102992	-1.000000	151260433.823880	18206847049.639999	0.009013	0.001000	0.002000	0.899000	0.047604	0.008308
223	45571753006.664383	1373336119.825860	-1.000000	155841146.915256	44702548726.599998	0.022953	0.001000	0.002000	0.939000	0.030722	0.003486
224	45615781560.005119	1162297152.287427	-1.000000	224229962.392473	45392164948.680000	0.037142	0.000000	0.001000	0.935000	0.025606	0.004940
225	19789202066.666512	932125061.639643	-1.000000	0.000000	19744488855.000000	0.009524	0.001000	0.001000	0.821000	0.047209	0.000000
226	77110300079.993881	1911957895.894610	-1.000000	86692112.553093	76362142469.039993	0.033538	0.001000	0.002000	0.924000	0.025038	0.001135
227	69180924959.994629	1814215237.302164	-1.000000	171551957.173663	69809758882.559998	0.030089	0.001000	0.003000	1.023000	0.025988	0.002457
228	32340756959.998447	1190772261.654436	-1.000000	239354074.579481	32874687998.980000	0.015567	0.001000	0.001000	0.847000	0.036222	0.007281
229	80040008486.661896	1803804660.193956	-1.000000	126004151.296074	79976640263.940002	0.040313	0.000000	0.003000	0.939000	0.022554	0.001576
230	97272004579.996964	2181219421.447768	-1.000000	210945942.855488	97783520483.729996	0.042146	0.001000	0.002000	0.988000	0.022307	0.002157
231	59222336026.675552	1357070198.249863	-1.000000	277877097.307322	59018984227.440002	0.045712	0.001000	0.001000	0.890000	0.022994	0.004708
232	26029131946.666401	824867800.424724	-1.000000	0.000000	26218157055.040001	0.022825	0.000000	0.002000	1.152000	0.031462	0.000000
233	36475044506.665039	1231523737.141831	-1.000000	144956730.041989	36288589548.199997	0.018371	0.001000	0.003000	0.876000	0.033937	0.003995
234	74793720246.660767	1880490818.919476	-1.000000	143489212.493776	73880547599.660004	0.032666	0.000000	0.002000	0.914000	0.025453	0.001942
235	21582967919.999760	881957041.672793	-1.000000	243738490.258691	21550464685.360001	0.018432	0.000000	0.003000	1.023000	0.040925	0.011310
236	54304593166.663757	1495779250.833427	-1.000000	114348809.522685	53778847520.620003	0.027351	0.001000	0.003000	0.957000	0.027814	0.002126
237	19216923599.999287	966827758.080691	-1.000000	216727242.343989	18678734820.720001	0.008358	0.000000	0.002000	0.805000	0.051761	0.011603
238	32892222719.998013	1261093872.153996	-1.000000	173366890.824600	32181311465.279999	0.014306	0.000000	0.002000	0.844000	0.039187	0.005387
239	90527506623.332581	2092955214.617010	-1.000000	146316014.764466	90488929376.449997	0.049027	0.001000	0.003000	1.125000	0.023129	0.001617
240	49978118040.002014	1428068106.260974	-1.000000	247565416.642047	50275804321.639999	0.025646	0.000000	0.001000	0.850000	0.028405	0.004924
241	85242480866.675369	1833148584.467372	-1.000000	111961843.746374	84912300262.679993	0.049566	0.000000	0.002000	0.988000	0.021589	0.001319
242	15815073066.666397	555116318.498662	-1.000000	42905339.193240	15522605152.639999	0.017022	0.001000	0.002000	0.950000	0.035762	0.002764
243	96932320513.327362	1976225717.587308	-1.000000	213885441.260826	95550469847.460007	0.048822	0.001000	0.002000	0.990000	0.020683	0.002238
244	33200229446.665276	1175925956.940568	-1.000000	243464167.856858	33347574071.740002	0.016722	0.001000	0.003000	0.847000	0.035263	0.007301
245	29810653519.999428	931384355.293400	-1.000000	163106689.485259	29112819705.119999	0.024591	0.001000	0.002000	0.933000	0.031992	0.005603
246	47396773360.000946	1432204797.262471	-1.000000	237964771.960098	47549817600.959999	0.025569	0.000000	0.002000	0.867000	0.030120	0.005005
247	77045640666.669037	1790708598.300269	-1.000000	303939018.217422	75842337281.919998	0.043296	0.000000	0.002000	0.916000	0.023611	0.004008
248	30939835213.332108	1135846672.276427	-1.000000	170157510.249277	31546558104.500000	0.015583	0.000000	0.003000	0.874000	0.036005	0.005394
249	50721041333.330681	1446924541.636401	-1.000000	190826910.122811	50456828813.239998	0.025546	0.000000	0.003000	0.930000	0.028676	0.003782
250	66257116819.996223	1647089914.918993	-1.000000	256522729.583115	66662366913.940002	0.033371	0.001000	0.002000	0.930000	0.024708	0.003848
251	73336009979.995712	1729646107.717034	-1.000000	146558103.426816	72428820050.500000	0.036937	0.000000	0.003000	0.990000	0.023881	0.002023
252	36045018286.665070	1224377679.368544	-1.000000	394009384.828248	37547309373.080002	0.018155	0.001000	0.002000	0.901000	0.032609	0.010494
253	89520343279.998611	2231308733.675761	-1.000000	128664534.030826	88969831338.419998	0.040075	0.001000	0.001000	0.923000	0.025079	0.001446
254	89773687026.664429	2460496537.593164	-1.000000	583031691.874299	88793967900.229996	0.036265	0.000000	0.001000	0.892000	0.027710	0.006566
255	46275656213.337975	1299319867.719896	-1.000000	295039863.862399	46413486985.320000	0.029978	0.000000	0.002000	0.873000	0.027994	0.006357
256	27102678173.332382	1064125156.218348	-1.000000	265456094.482027	26829104313.220001	0.013651	0.000000	0.003000	0.879000	0.039663	0.009894
257	64669153626.677948	1492775643.114763	-1.000000	162308453.146581	64162818942.080002	0.046878	0.000000	0.002000	0.973000	0.023265	0.002530
258	55274908739.997017	1508704218.127061	-1.000000	168790061.052457	56610371705.680000	0.027840	0.000000	0.003000	0.937000	0.026651	0.002982
259	33377434079.997967	1270225367.393959	-1.000000	203280535.353214	32885953278.480000	0.014517	0.001000	0.002000	1.086000	0.038625	0.006181
260	59952164306.663055	1598393814.674305	-1.000000	299385229.258317	60096383168.919998	0.029251	0.000000	0.002000	0.901000	0.026597	0.004982
261	41568494186.664360	1349734749.817849	-1.000000	249581200.625830	41797637243.699997	0.019932	0.001000	0.003000	0.948000	0.032292	0.005971
262	46707463279.997635	1389936462.509301	-1.000000	158811693.502980	48209114840.239998	0.023525	0.000000	0.003000	0.930000	0.028831	0.003294
263	54687207003.334892	1918453617.623693	-1.000000	448108771.261700	54168478403.410004	0.019643	0.000000	0.001000	0.813000	0.035416	0.008273
264	23188336939.999332	985269432.688778	-1.000000	140053674.256153	22906868239.540001	0.011679	0.001000	0.002000	0.889000	0.043012	0.006114
265	77285854566.660538	1909212077.178574	-1.000000	215496900.416657	78253113750.479996	0.033805	0.000000	0.002000	0.924000	0.024398	0.002754
266	36287597179.998390	1228414294.691155	-1.000000	233688957.108248	35818173942.459999	0.018277	0.001000	0.002000	0.927000	0.034296	0.006524
267	14874496686.666597	790786837.220328	-1.000000	341708990.414563	14654201972.580000	0.007492	0.001000	0.002000	1.055000	0.053963	0.023318
268	69639143823.334229	1875547722.246904	-1.000000	381957224.174614	69677857504.889999	0.038642	0.000000	0.002000	1.099000	0.026917	0.005482
269	16714256346.666389	592286219.221348	-1.000000	50570727.625570	16727208156.879999	0.017372	0.001000	0.002000	1.031000	0.035409	0.003023
270	28576395359.998413	1176569697.966227	-1.000000	193855342.271955	28345753970.639999	0.012429	0.001000	0.002000	0.836000	0.041508	0.006839
271	19178617439.999290	965871775.473991	-1.000000	227951452.919740	18925005123.360001	0.008341	0.000000	0.002000	1.018000	0.051037	0.012045
272	64459827746.663025	1625357395.362080	-1.000000	122251445.688089	63569783734.400002	0.032466	0.000000	0.003000	1.036000	0.025568	0.001923
273	88761822333.327942	1895190156.066316	-1.000000	124137664.694056	88324276167.639999	0.044706	0.001000	0.003000	1.100000	0.021457	0.001405
274	99989532386.664352	2144276610.849705	-1.000000	79139148.869810	100819131739.559998	0.044406	0.000000	0.002000	1.201000	0.021269	0.000785
275	35947241426.669098	1084189573.698799	-1.000000	153556441.557161	35592841858.000000	0.026763	0.001000	0.002000	1.050000	0.030461	0.004314
276	80652296486.661072	1877789109.012512	-1.000000	155379185.548111	80332660984.220001	0.038070	0.001000	0.002000	0.939000	0.023375	0.001934
277	15822759633.333197	815407850.229947	-1.000000	249205977.423041	15228353134.160000	0.007969	0.001000	0.002000	0.845000	0.053545	0.016365
278	11553001173.333145	475561626.741840	-1.000000	108889462.780514	11605812681.600000	0.012434	0.001000	0.002000	0.901000	0.040976	0.009382
279	84618307439.993179	1999490522.384536	-1.000000	111916549.656199	84691778654.880005	0.036804	0.001000	0.003000	1.070000	0.023609	0.001321
280	57899171313.330162	1543052939.847277	-1.000000	237647427.651233	58053440463.180000	0.029162	0.001000	0.002000	0.904000	0.026580	0.004094
281	31125594023.333118	1348220901.876817	-1.000000	729441839.530196	31219840866.860001	0.011768	0.000000	0.003000	1.017000	0.043185	0.023365
282	74714299146.662277	1745194748.868491	-1.000000	239602074.991905	73789985352.559998	0.037631	0.000000	0.003000	0.957000	0.023651	0.003247
283	46597200146.664314	1388334347.542319	-1.000000	262915179.875969	46861809614.040001	0.023469	0.000000	0.003000	0.887000	0.029626	0.005610
284	26673973999.999733	836843983.453425	-1.000000	0.000000	26221569776.080002	0.023292	0.001000	0.002000	1.000000	0.031914	0.000000
285	11938753199.999968	763270969.114923	-1.000000	289697955.584255	11836296990.719999	0.005193	0.000000	0.001000	0.822000	0.064486	0.024475
286	103010100286.669098	2159231769.949875	-1.000000	140655069.604756	103611301853.479996	0.046489	0.001000	0.002000	0.978000	0.020840	0.001358
287	44220351613.337639	1340553842.769363	-1.000000	201858891.110677	44247331758.919998	0.024230	0.000000	0.002000	0.849000	0.030297	0.004562
288	75541272646.662216	1754446703.595322	-1.000000	261120213.971709	74236352568.919998	0.038048	0.001000	0.003000	0.938000	0.023633	0.003517
289	106246205186.663757	2208460397.891382	-1.000000	0.000000	107031892911.479996	0.047128	0.000000	0.003000	1.133000	0.020634	0.000000
290	63280012219.996445	1610908612.963885	-1.000000	176865444.126471	63719201306.379997	0.031872	0.001000	0.002000	1.067000	0.025281	0.002776
291	49082959679.996498	1535003168.174295	-1.000000	164091392.661964	49872705012.000000	0.021348	0.000000	0.003000	1.008000	0.030778	0.003290
292	59482463259.996017	1632184258.777188	-1.000000	389753252.960524	59671134759.639999	0.027701	0.000000	0.002000	0.856000	0.027353	0.006532
293	16263983786.666388	562801309.192972	-1.000000	0.000000	15690962152.320000	0.017505	0.000000	0.003000	0.948000	0.035868	0.000000
294	37052628246.667015	1572555761.295287	-1.000000	407466793.371959	36855475595.339996	0.015561	0.001000	0.001000	0.812000	0.042668	0.011056
295	26275704673.332443	1047985974.250216	-1.000000	86443355.953473	27215631727.119999	0.013234	0.000000	0.002000	0.903000	0.038507	0.003176
296	51304716959.996292	1568584919.369107	-1.000000	209347617.353510	50622394869.360001	0.022314	0.001000	0.001000	0.859000	0.030986	0.004135
297	14345233646.666636	776694839.616098	-1.000000	179484818.495013	13915946189.660000	0.007225	0.001000	0.002000	0.895000	0.055813	0.012898
298	40796060399.997276	1402010543.505298	-1.000000	35392889.557449	40563082334.879997	0.017744	0.000000	0.002000	0.872000	0.034564	0.000873
299	89706173813.327332	2039641469.527361	-1.000000	85200144.360457	89429400996.240005	0.040519	0.001000	0.002000	1.105000	0.022807	0.000953
